#reader(lib"read.ss""wxme")WXME0108 ## 
#|
   This file uses the GRacket editor format.
   Open this file in DrRacket version 5.0.2 or later to read it.

   Most likely, it was created by saving a program in DrRacket,
   and it probably contains a program with non-text elements
   (such as images or comment boxes).

            http://racket-lang.org/
|#
 28 7 #"wxtext\0"
3 1 6 #"wxtab\0"
1 1 8 #"wxmedia\0"
4 1 8 #"wximage\0"
2 0 34 #"(lib \"syntax-browser.ss\" \"mrlib\")\0"
1 0 16 #"drscheme:number\0"
3 0 44 #"(lib \"number-snip.ss\" \"drscheme\" \"private\")\0"
1 0 36 #"(lib \"comment-snip.ss\" \"framework\")\0"
1 0 43 #"(lib \"collapsed-snipclass.ss\" \"framework\")\0"
0 0 19 #"drscheme:sexp-snip\0"
0 0 36 #"(lib \"cache-image-snip.ss\" \"mrlib\")\0"
1 0 30 #"(lib \"image-core.ss\" \"mrlib\")\0"
1 0 33 #"(lib \"bullet-snip.ss\" \"browser\")\0"
0 0 29 #"drscheme:bindings-snipclass%\0"
1 0 25 #"(lib \"matrix.ss\" \"htdp\")\0"
1 0 22 #"drscheme:lambda-snip%\0"
1 0 57
#"(lib \"hrule-snip.rkt\" \"macro-debugger\" \"syntax-browser\")\0"
1 0 45 #"(lib \"image-snipr.ss\" \"slideshow\" \"private\")\0"
1 0 26 #"drscheme:pict-value-snip%\0"
0 0 38 #"(lib \"pict-snipclass.ss\" \"slideshow\")\0"
2 0 55 #"(lib \"vertical-separator-snip.ss\" \"stepper\" \"private\")\0"
1 0 18 #"drscheme:xml-snip\0"
1 0 31 #"(lib \"xml-snipclass.ss\" \"xml\")\0"
1 0 21 #"drscheme:scheme-snip\0"
2 0 34 #"(lib \"scheme-snipclass.ss\" \"xml\")\0"
1 0 10 #"text-box%\0"
1 0 32 #"(lib \"text-snipclass.ss\" \"xml\")\0"
1 0 15 #"test-case-box%\0"
2 0 1 6 #"wxloc\0"
          0 0 46 0 1 #"\0"
0 75 1 #"\0"
0 12 90 -1 90 -1 3 -1 0 1 0 1 0 0 0 0 0 0 0 0 0 0 0 255 255 255 1 -1 0 9
#"Standard\0"
0 75 11 #" Monospace\0"
0 10 90 -1 90 -1 3 -1 0 1 0 1 0 0 0 0 0 0 0 0 0 0 0 255 255 255 1 -1 2 1
#"\0"
0 -1 1 #"\0"
1 0 -1 -1 -1 -1 -1 -1 0 0 0 0 0 0 1 1 1 1 1 1 0 0 0 0 0 0 -1 -1 2 24
#"framework:default-color\0"
0 -1 1 #"\0"
1 0 -1 -1 -1 -1 -1 -1 0 0 0 0 0 0 0 0 0 1 1 1 0 0 0 0 0 0 -1 -1 2 1
#"\0"
0 -1 1 #"\0"
1 0 -1 -1 -1 -1 -1 -1 0 0 0 0 0 0 0 0 0 1 1 1 150 0 150 0 0 0 -1 -1 2 15
#"text:ports out\0"
0 -1 1 #"\0"
1 0 -1 -1 -1 -1 -1 -1 0 0 0 0 0 0 0 0 0 1 1 1 150 0 150 0 0 0 -1 -1 2 1
#"\0"
0 -1 1 #"\0"
1.0 0 -1 -1 93 -1 -1 -1 0 0 0 0 0 0 0 0 0 1.0 1.0 1.0 255 0 0 0 0 0 -1
-1 2 15 #"text:ports err\0"
0 -1 1 #"\0"
1.0 0 -1 -1 93 -1 -1 -1 0 0 0 0 0 0 0 0 0 1.0 1.0 1.0 255 0 0 0 0 0 -1
-1 2 1 #"\0"
0 -1 1 #"\0"
1 0 -1 -1 -1 -1 -1 -1 0 0 0 0 0 0 0 0 0 1 1 1 0 0 175 0 0 0 -1 -1 2 17
#"text:ports value\0"
0 -1 1 #"\0"
1 0 -1 -1 -1 -1 -1 -1 0 0 0 0 0 0 0 0 0 1 1 1 0 0 175 0 0 0 -1 -1 2 1
#"\0"
0 -1 1 #"\0"
1.0 0 92 -1 -1 -1 -1 -1 0 0 0 0 0 0 0 0 0 1.0 1.0 1.0 34 139 34 0 0 0 -1
-1 2 27 #"Matching Parenthesis Style\0"
0 -1 1 #"\0"
1.0 0 92 -1 -1 -1 -1 -1 0 0 0 0 0 0 0 0 0 1.0 1.0 1.0 34 139 34 0 0 0 -1
-1 2 1 #"\0"
0 -1 1 #"\0"
1 0 -1 -1 -1 -1 -1 -1 0 0 0 0 0 0 0 0 0 1 1 1 38 38 128 0 0 0 -1 -1 2 37
#"framework:syntax-color:scheme:symbol\0"
0 -1 1 #"\0"
1 0 -1 -1 -1 -1 -1 -1 0 0 0 0 0 0 0 0 0 1 1 1 38 38 128 0 0 0 -1 -1 2 38
#"framework:syntax-color:scheme:keyword\0"
0 -1 1 #"\0"
1 0 -1 -1 -1 -1 -1 -1 0 0 0 0 0 0 0 0 0 1 1 1 38 38 128 0 0 0 -1 -1 2 1
#"\0"
0 -1 1 #"\0"
1 0 -1 -1 -1 -1 -1 -1 0 0 0 0 0 0 0 0 0 1 1 1 194 116 31 0 0 0 -1 -1 2
38 #"framework:syntax-color:scheme:comment\0"
0 -1 1 #"\0"
1 0 -1 -1 -1 -1 -1 -1 0 0 0 0 0 0 0 0 0 1 1 1 194 116 31 0 0 0 -1 -1 2 1
#"\0"
0 -1 1 #"\0"
1 0 -1 -1 -1 -1 -1 -1 0 0 0 0 0 0 0 0 0 1 1 1 41 128 38 0 0 0 -1 -1 2 37
#"framework:syntax-color:scheme:string\0"
0 -1 1 #"\0"
1 0 -1 -1 -1 -1 -1 -1 0 0 0 0 0 0 0 0 0 1 1 1 41 128 38 0 0 0 -1 -1 2 39
#"framework:syntax-color:scheme:constant\0"
0 -1 1 #"\0"
1 0 -1 -1 -1 -1 -1 -1 0 0 0 0 0 0 0 0 0 1 1 1 41 128 38 0 0 0 -1 -1 2 1
#"\0"
0 -1 1 #"\0"
1 0 -1 -1 -1 -1 -1 -1 0 0 0 0 0 0 0 0 0 1 1 1 132 60 36 0 0 0 -1 -1 2 42
#"framework:syntax-color:scheme:parenthesis\0"
0 -1 1 #"\0"
1 0 -1 -1 -1 -1 -1 -1 0 0 0 0 0 0 0 0 0 1 1 1 132 60 36 0 0 0 -1 -1 2 1
#"\0"
0 -1 1 #"\0"
1 0 -1 -1 -1 -1 -1 -1 0 0 0 0 0 0 0 0 0 1 1 1 255 0 0 0 0 0 -1 -1 2 36
#"framework:syntax-color:scheme:error\0"
0 -1 1 #"\0"
1 0 -1 -1 -1 -1 -1 -1 0 0 0 0 0 0 0 0 0 1 1 1 255 0 0 0 0 0 -1 -1 2 1
#"\0"
0 -1 1 #"\0"
1 0 -1 -1 -1 -1 -1 -1 0 0 0 0 0 0 0 0 0 1 1 1 0 0 0 0 0 0 -1 -1 2 36
#"framework:syntax-color:scheme:other\0"
0 -1 1 #"\0"
1 0 -1 -1 -1 -1 -1 -1 0 0 0 0 0 0 0 0 0 1 1 1 0 0 0 0 0 0 -1 -1 2 1
#"\0"
0 -1 1 #"\0"
1 0 -1 -1 -1 -1 -1 -1 0 0 0 0 0 0 0 0 0 1 1 1 81 112 203 0 0 0 -1 -1 2
38 #"drracket:check-syntax:lexically-bound\0"
0 -1 1 #"\0"
1 0 -1 -1 -1 -1 -1 -1 0 0 0 0 0 0 0 0 0 1 1 1 81 112 203 0 0 0 -1 -1 2 1
#"\0"
0 -1 1 #"\0"
1 0 -1 -1 -1 -1 -1 -1 0 0 0 0 0 0 0 0 0 1 1 1 178 34 34 0 0 0 -1 -1 2 28
#"drracket:check-syntax:set!d\0"
0 -1 1 #"\0"
1 0 -1 -1 -1 -1 -1 -1 0 0 0 0 0 0 0 0 0 1 1 1 178 34 34 0 0 0 -1 -1 2 1
#"\0"
0 -1 1 #"\0"
1 0 -1 -1 -1 -1 -1 -1 0 0 0 0 0 0 0 0 0 1 1 1 68 0 203 0 0 0 -1 -1 2 31
#"drracket:check-syntax:imported\0"
0 -1 1 #"\0"
1 0 -1 -1 -1 -1 -1 -1 0 0 0 0 0 0 0 0 0 1 1 1 68 0 203 0 0 0 -1 -1 2 47
#"drracket:check-syntax:my-obligation-style-pref\0"
0 -1 1 #"\0"
1 0 -1 -1 -1 -1 -1 -1 0 0 0 0 0 0 0 0 0 1 1 1 178 34 34 0 0 0 -1 -1 2 1
#"\0"
0 -1 1 #"\0"
1 0 -1 -1 -1 -1 -1 -1 0 0 0 0 0 0 0 0 0 1 1 1 0 116 0 0 0 0 -1 -1 2 50
#"drracket:check-syntax:their-obligation-style-pref\0"
0 -1 1 #"\0"
1 0 -1 -1 -1 -1 -1 -1 0 0 0 0 0 0 0 0 0 1 1 1 0 116 0 0 0 0 -1 -1 2 48
#"drracket:check-syntax:unk-obligation-style-pref\0"
0 -1 1 #"\0"
1 0 -1 -1 -1 -1 -1 -1 0 0 0 0 0 0 0 0 0 1 1 1 0 0 0 0 0 0 -1 -1 2 1
#"\0"
0 -1 1 #"\0"
1 0 -1 -1 -1 -1 -1 -1 0 0 0 0 0 0 0 0 0 1 1 1 139 142 28 0 0 0 -1 -1 2
49 #"drracket:check-syntax:both-obligation-style-pref\0"
0 -1 1 #"\0"
1 0 -1 -1 -1 -1 -1 -1 0 0 0 0 0 0 0 0 0 1 1 1 139 142 28 0 0 0 -1 -1 4 1
#"\0"
0 70 1 #"\0"
1.0 0 -1 -1 -1 -1 -1 -1 0 0 0 0 0 0 1.0 1.0 1.0 1.0 1.0 1.0 0 0 0 0 0 0
-1 -1 4 4 #"XML\0"
0 70 1 #"\0"
1.0 0 -1 -1 -1 -1 -1 -1 0 0 0 0 0 0 1.0 1.0 1.0 1.0 1.0 1.0 0 0 0 0 0 0
-1 -1 4 1 #"\0"
0 71 1 #"\0"
1.0 0 -1 -1 -1 -1 -1 -1 0 0 0 0 0 0 1.0 1.0 1.0 1.0 1.0 1.0 0 0 0 0 0 0
-1 -1 4 1 #"\0"
0 -1 1 #"\0"
1.0 0 -1 -1 -1 -1 -1 -1 1 0 0 0 0 0 0 0 0 1.0 1.0 1.0 0 0 255 0 0 0 -1
-1 4 1 #"\0"
0 71 1 #"\0"
1.0 0 -1 -1 -1 -1 -1 -1 1 0 0 0 0 0 0 0 0 1.0 1.0 1.0 0 0 255 0 0 0 -1
-1 4 1 #"\0"
0 71 1 #"\0"
1.0 0 -1 -1 -1 -1 -1 -1 0 0 0 0 0 0 0 0 0 1.0 1.0 1.0 0 100 0 0 0 0 -1
-1 0 1 #"\0"
0 -1 1 #"\0"
1 0 -1 -1 -1 -1 -1 -1 0 0 0 0 0 0 0 0 0 1 1 1 200 0 0 0 0 0 -1 -1
          0 686 0 17 3 21 #";(load \"paint-tools\")"
0 0 4 29 1 #"\n"
0 0 22 3 1 #"("
0 0 14 3 4 #"load"
0 0 4 3 1 #" "
0 0 19 3 12 #"\"draw-class\""
0 0 22 3 1 #")"
0 0 4 29 1 #"\n"
0 0 22 3 1 #"("
0 0 14 3 4 #"load"
0 0 4 3 1 #" "
0 0 19 3 15 #"\"user-interact\""
0 0 22 3 1 #")"
0 0 4 29 1 #"\n"
0 0 22 3 1 #"("
0 0 14 3 4 #"load"
0 0 4 3 1 #" "
0 0 19 3 11 #"\"gui-class\""
0 0 22 3 1 #")"
0 0 4 29 1 #"\n"
0 0 22 3 1 #"("
0 0 14 3 4 #"load"
0 0 4 3 1 #" "
0 0 19 3 11 #"\"main-loop\""
0 0 22 3 1 #")"
0 0 4 29 1 #"\n"
0 0 4 29 1 #"\n"
0 0 22 3 1 #"("
0 0 14 3 4 #"send"
0 0 4 3 1 #" "
0 0 14 3 6 #"*draw*"
0 0 4 3 1 #" "
0 0 14 3 5 #"clear"
0 0 22 3 1 #")"
0 0 17 3 24 #";; clears buffer in draw"
0 0 4 29 1 #"\n"
0 0 22 3 1 #"("
0 0 14 3 4 #"send"
0 0 4 3 1 #" "
0 0 14 3 5 #"*gui*"
0 0 4 3 1 #" "
0 0 14 3 8 #"show-gui"
0 0 22 3 1 #")"
0 0 17 3 13 #";; starts gui"
0 0 4 29 1 #"\n"
0 0 22 3 1 #"("
0 0 14 3 4 #"send"
0 0 4 3 1 #" "
0 0 14 3 6 #"*draw*"
0 0 4 3 1 #" "
0 0 14 3 10 #"background"
0 0 22 3 1 #")"
0 0 17 3 35 #";; change background in draw buffer"
0 0 4 29 1 #"\n"
0 0 22 3 1 #"("
0 0 14 3 4 #"send"
0 0 4 3 1 #" "
0 0 14 3 5 #"*gui*"
0 0 4 3 1 #" "
0 0 14 3 6 #"redraw"
0 0 22 3 1 #")"
0 0 17 3 16 #";; update canvas"
0 0 4 29 1 #"\n"
0 0 4 29 1 #"\n"
0 0 4 29 1 #"\n"
0 0 22 3 1 #"("
0 0 15 3 6 #"define"
0 0 4 3 1 #" "
0 0 14 3 12 #"*ball-brush*"
0 0 4 3 1 #" "
0 0 4 29 1 #"\n"
0 0 4 3 2 #"  "
0 0 22 3 1 #"("
0 0 14 3 4 #"send"
0 0 4 3 1 #" "
0 0 14 3 14 #"the-brush-list"
0 0 4 3 1 #" "
0 0 14 3 20 #"find-or-create-brush"
0 0 4 3 1 #" "
0 0 19 3 5 #"\"red\""
0 0 4 3 1 #" "
0 0 20 3 1 #"'"
0 0 14 3 5 #"solid"
0 0 22 3 2 #"))"
0 0 4 29 1 #"\n"
0 0 22 3 1 #"("
0 0 15 3 6 #"define"
0 0 4 3 1 #" "
0 0 14 3 10 #"*ball-pen*"
0 0 4 3 1 #" "
0 0 4 29 1 #"\n"
0 0 4 3 2 #"  "
0 0 22 3 1 #"("
0 0 14 3 4 #"send"
0 0 4 3 1 #" "
0 0 14 3 12 #"the-pen-list"
0 0 4 3 1 #" "
0 0 14 3 18 #"find-or-create-pen"
0 0 4 3 1 #" "
0 0 19 3 6 #"\"blue\""
0 0 4 3 1 #" "
0 0 20 3 1 #"2"
0 0 4 3 1 #" "
0 0 20 3 1 #"'"
0 0 14 3 5 #"solid"
0 0 22 3 2 #"))"
0 0 4 29 1 #"\n"
0 0 4 29 1 #"\n"
0 0 4 29 1 #"\n"
0 0 22 3 1 #"("
0 0 14 3 4 #"send"
0 0 4 3 1 #" "
0 0 14 3 6 #"*draw*"
0 0 4 3 1 #" "
0 0 14 3 11 #"draw-circle"
0 0 4 3 1 #" "
0 0 20 3 2 #"10"
0 0 4 3 1 #" "
0 0 20 3 3 #"100"
0 0 4 3 1 #" "
0 0 20 3 3 #"100"
0 0 4 3 1 #" "
0 0 20 3 2 #"10"
0 0 4 3 1 #" "
0 0 14 3 10 #"*ball-pen*"
0 0 4 3 1 #" "
0 0 14 3 12 #"*ball-brush*"
0 0 22 3 1 #")"
0 0 4 29 1 #"\n"
0 0 22 3 1 #"("
0 0 14 3 4 #"send"
0 0 4 3 1 #" "
0 0 14 3 5 #"*gui*"
0 0 4 3 1 #" "
0 0 14 3 6 #"redraw"
0 0 22 3 1 #")"
0 0 4 29 1 #"\n"
0 0 4 29 1 #"\n"
0 0 4 29 1 #"\n"
0 0 4 29 1 #"\n"
0 0 4 29 1 #"\n"
0 0 4 29 1 #"\n"
0 0 17 3 63
#";; ------------------------------------------------------------"
0 0 4 29 1 #"\n"
0 0 17 3 16 #";; The ball ADT "
0 0 4 29 1 #"\n"
0 0 17 3 63
#";; ------------------------------------------------------------"
0 0 4 29 1 #"\n"
0 0 4 29 1 #"\n"
0 0 22 3 1 #"("
0 0 15 3 13 #"define-struct"
0 0 4 3 1 #" "
0 0 14 3 4 #"ball"
0 0 4 3 1 #" "
0 0 22 3 1 #"("
0 0 14 3 1 #"x"
0 0 4 3 1 #" "
0 0 14 3 1 #"y"
0 0 4 3 1 #" "
0 0 14 3 4 #"size"
0 0 4 3 1 #" "
0 0 14 3 2 #"dx"
0 0 4 3 1 #" "
0 0 14 3 2 #"dy"
0 0 22 3 2 #"))"
0 0 4 29 1 #"\n"
0 0 4 29 1 #"\n"
0 0 22 3 1 #"("
0 0 15 3 6 #"define"
0 0 4 3 1 #" "
0 0 22 3 1 #"("
0 0 14 3 12 #"ball-right-x"
0 0 4 3 1 #" "
0 0 14 3 4 #"ball"
0 0 22 3 1 #")"
0 0 4 29 1 #"\n"
0 0 4 3 2 #"  "
0 0 22 3 1 #"("
0 0 14 3 1 #"+"
0 0 4 3 1 #" "
0 0 22 3 1 #"("
0 0 14 3 6 #"ball-x"
0 0 4 3 1 #" "
0 0 14 3 4 #"ball"
0 0 22 3 1 #")"
0 0 4 3 1 #" "
0 0 22 3 1 #"("
0 0 14 3 9 #"ball-size"
0 0 4 3 1 #" "
0 0 14 3 4 #"ball"
0 0 22 3 3 #")))"
0 0 4 29 1 #"\n"
0 0 4 29 1 #"\n"
0 0 22 3 1 #"("
0 0 15 3 6 #"define"
0 0 4 3 1 #" "
0 0 22 3 1 #"("
0 0 14 3 13 #"ball-bottom-y"
0 0 4 3 1 #" "
0 0 14 3 4 #"ball"
0 0 22 3 1 #")"
0 0 4 29 1 #"\n"
0 0 4 3 2 #"  "
0 0 22 3 1 #"("
0 0 14 3 1 #"+"
0 0 4 3 1 #" "
0 0 22 3 1 #"("
0 0 14 3 6 #"ball-y"
0 0 4 3 1 #" "
0 0 14 3 4 #"ball"
0 0 22 3 1 #")"
0 0 4 3 1 #" "
0 0 22 3 1 #"("
0 0 14 3 9 #"ball-size"
0 0 4 3 1 #" "
0 0 14 3 4 #"ball"
0 0 22 3 3 #")))"
0 0 4 29 1 #"\n"
0 0 4 29 1 #"\n"
0 0 17 3 66
#";; Updates the position of the ball according to its speed vector."
0 0 4 29 1 #"\n"
0 0 22 3 1 #"("
0 0 15 3 6 #"define"
0 0 4 3 1 #" "
0 0 22 3 1 #"("
0 0 14 3 9 #"move-ball"
0 0 4 3 1 #" "
0 0 14 3 4 #"ball"
0 0 22 3 1 #")"
0 0 4 29 1 #"\n"
0 0 4 3 2 #"  "
0 0 22 3 1 #"("
0 0 14 3 11 #"set-ball-x!"
0 0 4 3 1 #" "
0 0 14 3 4 #"ball"
0 0 4 3 1 #" "
0 0 22 3 1 #"("
0 0 14 3 1 #"+"
0 0 4 3 1 #" "
0 0 22 3 1 #"("
0 0 14 3 6 #"ball-x"
0 0 4 3 1 #" "
0 0 14 3 4 #"ball"
0 0 22 3 1 #")"
0 0 4 3 1 #" "
0 0 22 3 1 #"("
0 0 14 3 7 #"ball-dx"
0 0 4 3 1 #" "
0 0 14 3 4 #"ball"
0 0 22 3 3 #")))"
0 0 4 29 1 #"\n"
0 0 4 3 2 #"  "
0 0 22 3 1 #"("
0 0 14 3 11 #"set-ball-y!"
0 0 4 3 1 #" "
0 0 14 3 4 #"ball"
0 0 4 3 1 #" "
0 0 22 3 1 #"("
0 0 14 3 1 #"+"
0 0 4 3 1 #" "
0 0 22 3 1 #"("
0 0 14 3 6 #"ball-y"
0 0 4 3 1 #" "
0 0 14 3 4 #"ball"
0 0 22 3 1 #")"
0 0 4 3 1 #" "
0 0 22 3 1 #"("
0 0 14 3 7 #"ball-dy"
0 0 4 3 1 #" "
0 0 14 3 4 #"ball"
0 0 22 3 4 #"))))"
0 0 4 29 1 #"\n"
0 0 4 29 1 #"\n"
0 0 17 3 32 #";; Handles ball/edge collisions."
0 0 4 29 1 #"\n"
0 0 22 3 1 #"("
0 0 15 3 6 #"define"
0 0 4 3 1 #" "
0 0 22 3 1 #"("
0 0 14 3 22 #"handle-edge-collisions"
0 0 4 3 1 #" "
0 0 14 3 4 #"ball"
0 0 4 3 1 #" "
0 0 14 3 5 #"width"
0 0 4 3 1 #" "
0 0 14 3 6 #"height"
0 0 22 3 1 #")"
0 0 4 29 1 #"\n"
0 0 4 3 2 #"  "
0 0 22 3 1 #"("
0 0 15 3 4 #"when"
0 0 4 3 1 #" "
0 0 22 3 1 #"("
0 0 14 3 2 #"or"
0 0 4 3 1 #" "
0 0 22 3 1 #"("
0 0 14 3 1 #"<"
0 0 4 3 1 #" "
0 0 22 3 1 #"("
0 0 14 3 6 #"ball-x"
0 0 4 3 1 #" "
0 0 14 3 4 #"ball"
0 0 22 3 1 #")"
0 0 4 3 1 #" "
0 0 20 3 1 #"0"
0 0 22 3 1 #")"
0 0 4 29 1 #"\n"
0 0 4 3 12 #"            "
0 0 22 3 1 #"("
0 0 14 3 1 #">"
0 0 4 3 1 #" "
0 0 22 3 1 #"("
0 0 14 3 12 #"ball-right-x"
0 0 4 3 1 #" "
0 0 14 3 4 #"ball"
0 0 22 3 1 #")"
0 0 4 3 1 #" "
0 0 14 3 5 #"width"
0 0 22 3 2 #"))"
0 0 4 29 1 #"\n"
0 0 4 3 4 #"    "
0 0 22 3 1 #"("
0 0 14 3 12 #"set-ball-dx!"
0 0 4 3 1 #" "
0 0 14 3 4 #"ball"
0 0 4 3 1 #" "
0 0 22 3 1 #"("
0 0 14 3 1 #"-"
0 0 4 3 1 #" "
0 0 22 3 1 #"("
0 0 14 3 7 #"ball-dx"
0 0 4 3 1 #" "
0 0 14 3 4 #"ball"
0 0 22 3 4 #"))))"
0 0 4 29 1 #"\n"
0 0 4 3 2 #"  "
0 0 4 29 1 #"\n"
0 0 4 3 2 #"  "
0 0 22 3 1 #"("
0 0 15 3 4 #"when"
0 0 4 3 1 #" "
0 0 22 3 1 #"("
0 0 14 3 2 #"or"
0 0 4 3 1 #" "
0 0 22 3 1 #"("
0 0 14 3 1 #"<"
0 0 4 3 1 #" "
0 0 22 3 1 #"("
0 0 14 3 6 #"ball-y"
0 0 4 3 1 #" "
0 0 14 3 4 #"ball"
0 0 22 3 1 #")"
0 0 4 3 1 #" "
0 0 20 3 1 #"0"
0 0 22 3 1 #")"
0 0 4 29 1 #"\n"
0 0 4 3 12 #"            "
0 0 22 3 1 #"("
0 0 14 3 1 #">"
0 0 4 3 1 #" "
0 0 22 3 1 #"("
0 0 14 3 13 #"ball-bottom-y"
0 0 4 3 1 #" "
0 0 14 3 4 #"ball"
0 0 22 3 1 #")"
0 0 4 3 1 #" "
0 0 14 3 6 #"height"
0 0 22 3 2 #"))"
0 0 4 29 1 #"\n"
0 0 4 3 4 #"    "
0 0 22 3 1 #"("
0 0 14 3 12 #"set-ball-dy!"
0 0 4 3 1 #" "
0 0 14 3 4 #"ball"
0 0 4 3 1 #" "
0 0 22 3 1 #"("
0 0 14 3 1 #"-"
0 0 4 3 1 #" "
0 0 22 3 1 #"("
0 0 14 3 7 #"ball-dy"
0 0 4 3 1 #" "
0 0 14 3 4 #"ball"
0 0 22 3 5 #")))))"
0 0 4 29 1 #"\n"
0 0 4 29 1 #"\n"
0 0 17 3 20 #";; The ball itself. "
0 0 4 29 1 #"\n"
0 0 22 3 1 #"("
0 0 15 3 6 #"define"
0 0 4 3 1 #" "
0 0 14 3 10 #"*the-ball*"
0 0 4 3 1 #" "
0 0 22 3 1 #"("
0 0 14 3 9 #"make-ball"
0 0 4 3 1 #" "
0 0 20 3 3 #"100"
0 0 4 3 1 #" "
0 0 20 3 3 #"100"
0 0 4 3 1 #" "
0 0 20 3 3 #"100"
0 0 4 3 1 #" "
0 0 20 3 1 #"3"
0 0 4 3 1 #" "
0 0 20 3 1 #"1"
0 0 22 3 2 #"))"
0 0 4 29 1 #"\n"
0 0 4 29 1 #"\n"
0 0 17 3 60
#";; Moves the ball then checks for collisions with the edges."
0 0 4 29 1 #"\n"
0 0 22 3 1 #"("
0 0 15 3 6 #"define"
0 0 4 3 1 #" "
0 0 22 3 1 #"("
0 0 14 3 6 #"update"
0 0 22 3 1 #")"
0 0 4 29 1 #"\n"
0 0 4 3 2 #"  "
0 0 22 3 1 #"("
0 0 14 3 9 #"move-ball"
0 0 4 3 1 #" "
0 0 14 3 10 #"*the-ball*"
0 0 22 3 1 #")"
0 0 4 29 1 #"\n"
0 0 4 3 2 #"  "
0 0 22 3 1 #"("
0 0 14 3 22 #"handle-edge-collisions"
0 0 4 3 1 #" "
0 0 14 3 10 #"*the-ball*"
0 0 4 3 1 #" "
0 0 22 3 1 #"("
0 0 14 3 4 #"send"
0 0 4 3 1 #" "
0 0 14 3 6 #"*draw*"
0 0 4 3 1 #" "
0 0 14 3 9 #"get-width"
0 0 22 3 1 #")"
0 0 4 3 1 #" "
0 0 22 3 1 #"("
0 0 14 3 4 #"send"
0 0 4 3 1 #" "
0 0 14 3 6 #"*draw*"
0 0 4 3 1 #" "
0 0 14 3 10 #"get-height"
0 0 22 3 3 #")))"
0 0 4 29 1 #"\n"
0 0 4 29 1 #"\n"
0 0 22 3 1 #"("
0 0 15 3 6 #"define"
0 0 4 3 1 #" "
0 0 14 3 12 #"*the-ball-2*"
0 0 4 3 1 #" "
0 0 22 3 1 #"("
0 0 14 3 9 #"make-ball"
0 0 4 3 1 #" "
0 0 20 3 2 #"10"
0 0 4 3 1 #" "
0 0 20 3 2 #"10"
0 0 4 3 1 #" "
0 0 20 3 2 #"20"
0 0 4 3 1 #" "
0 0 20 3 1 #"3"
0 0 4 3 1 #" "
0 0 20 3 1 #"1"
0 0 22 3 2 #"))"
0 0 4 29 1 #"\n"
0 0 4 29 1 #"\n"
0 0 22 3 1 #"("
0 0 15 3 6 #"define"
0 0 4 3 1 #" "
0 0 14 3 8 #"*draw-2*"
0 0 4 29 1 #"\n"
0 0 4 3 2 #"  "
0 0 22 3 1 #"("
0 0 14 3 3 #"new"
0 0 4 3 1 #" "
0 0 14 3 10 #"make-draw%"
0 0 4 29 1 #"\n"
0 0 4 3 7 #"       "
0 0 22 3 1 #"["
0 0 14 3 5 #"width"
0 0 4 3 1 #" "
0 0 20 3 3 #"100"
0 0 22 3 1 #"]"
0 0 4 29 1 #"\n"
0 0 4 3 7 #"       "
0 0 22 3 1 #"["
0 0 14 3 6 #"height"
0 0 4 3 1 #" "
0 0 20 3 3 #"100"
0 0 22 3 3 #"]))"
0 0 4 29 1 #"\n"
0 0 4 29 1 #"\n"
0 0 4 29 1 #"\n"
0 0 22 3 1 #"("
0 0 15 3 6 #"define"
0 0 4 3 1 #" "
0 0 22 3 1 #"("
0 0 14 3 8 #"update-2"
0 0 22 3 1 #")"
0 0 4 29 1 #"\n"
0 0 4 3 2 #"  "
0 0 22 3 1 #"("
0 0 14 3 9 #"move-ball"
0 0 4 3 1 #" "
0 0 14 3 12 #"*the-ball-2*"
0 0 22 3 1 #")"
0 0 4 29 1 #"\n"
0 0 4 3 2 #"  "
0 0 22 3 1 #"("
0 0 14 3 22 #"handle-edge-collisions"
0 0 4 3 1 #" "
0 0 14 3 12 #"*the-ball-2*"
0 0 4 3 1 #" "
0 0 22 3 1 #"("
0 0 14 3 4 #"send"
0 0 4 3 1 #" "
0 0 14 3 8 #"*draw-2*"
0 0 4 3 1 #" "
0 0 14 3 9 #"get-width"
0 0 22 3 1 #")"
0 0 4 3 1 #" "
0 0 22 3 1 #"("
0 0 14 3 4 #"send"
0 0 4 3 1 #" "
0 0 14 3 8 #"*draw-2*"
0 0 4 3 1 #" "
0 0 14 3 10 #"get-height"
0 0 22 3 3 #")))"
0 0 4 29 1 #"\n"
0 0 4 29 1 #"\n"
0 0 4 29 1 #"\n"
0 0 17 3 38 #";; The procedures that draws the ball."
0 0 4 29 1 #"\n"
0 0 22 3 1 #"("
0 0 15 3 6 #"define"
0 0 4 3 1 #" "
0 0 22 3 1 #"("
0 0 14 3 4 #"draw"
0 0 22 3 1 #")"
0 0 4 29 1 #"\n"
0 0 4 3 2 #"  "
0 0 22 3 1 #"("
0 0 14 3 8 #"update-2"
0 0 22 3 1 #")"
0 0 4 29 1 #"\n"
0 0 4 3 2 #"  "
0 0 22 3 1 #"("
0 0 14 3 4 #"send"
0 0 4 3 1 #" "
0 0 14 3 8 #"*draw-2*"
0 0 4 3 1 #" "
0 0 14 3 5 #"clear"
0 0 22 3 1 #")"
0 0 4 29 1 #"\n"
0 0 4 3 2 #"  "
0 0 22 3 1 #"("
0 0 14 3 6 #"update"
0 0 22 3 1 #")"
0 0 4 29 1 #"\n"
0 0 4 3 2 #"  "
0 0 22 3 1 #"("
0 0 14 3 4 #"send"
0 0 4 3 1 #" "
0 0 14 3 6 #"*draw*"
0 0 4 3 1 #" "
0 0 14 3 5 #"clear"
0 0 22 3 1 #")"
0 0 4 29 1 #"\n"
0 0 4 3 2 #"  "
0 0 22 3 1 #"("
0 0 14 3 4 #"send"
0 0 4 3 1 #" "
0 0 14 3 8 #"*draw-2*"
0 0 4 3 1 #" "
0 0 14 3 11 #"draw-circle"
0 0 4 3 1 #" "
0 0 22 3 1 #"("
0 0 14 3 6 #"ball-x"
0 0 4 3 1 #" "
0 0 14 3 12 #"*the-ball-2*"
0 0 22 3 1 #")"
0 0 4 3 1 #" "
0 0 22 3 1 #"("
0 0 14 3 6 #"ball-y"
0 0 4 3 1 #" "
0 0 14 3 12 #"*the-ball-2*"
0 0 22 3 1 #")"
0 0 4 3 1 #" "
0 0 4 29 1 #"\n"
0 0 4 3 8 #"        "
0 0 22 3 1 #"("
0 0 14 3 9 #"ball-size"
0 0 4 3 1 #" "
0 0 14 3 12 #"*the-ball-2*"
0 0 22 3 1 #")"
0 0 4 3 1 #" "
0 0 22 3 1 #"("
0 0 14 3 9 #"ball-size"
0 0 4 3 1 #" "
0 0 14 3 12 #"*the-ball-2*"
0 0 22 3 1 #")"
0 0 4 3 1 #" "
0 0 14 3 10 #"*ball-pen*"
0 0 4 3 1 #" "
0 0 14 3 12 #"*ball-brush*"
0 0 22 3 1 #")"
0 0 4 29 1 #"\n"
0 0 4 3 2 #"  "
0 0 22 3 1 #"("
0 0 14 3 4 #"send"
0 0 4 3 1 #" "
0 0 14 3 6 #"*draw*"
0 0 4 3 1 #" "
0 0 14 3 13 #"draw-bitmap-2"
0 0 4 3 1 #" "
0 0 22 3 1 #"("
0 0 14 3 4 #"send"
0 0 4 3 1 #" "
0 0 14 3 8 #"*draw-2*"
0 0 4 3 1 #" "
0 0 14 3 10 #"get-bitmap"
0 0 22 3 1 #")"
0 0 4 3 1 #" "
0 0 22 3 1 #"("
0 0 14 3 6 #"ball-x"
0 0 4 3 1 #" "
0 0 14 3 10 #"*the-ball*"
0 0 22 3 1 #")"
0 0 4 3 1 #" "
0 0 22 3 1 #"("
0 0 14 3 6 #"ball-y"
0 0 4 3 1 #" "
0 0 14 3 10 #"*the-ball*"
0 0 22 3 2 #"))"
0 0 4 29 1 #"\n"
0 0 4 3 2 #"  "
0 0 17 3 25 #";(send *draw* background)"
0 0 4 29 1 #"\n"
0 0 4 3 2 #"  "
0 0 22 3 1 #"("
0 0 14 3 4 #"send"
0 0 4 3 1 #" "
0 0 14 3 5 #"*gui*"
0 0 4 3 1 #" "
0 0 14 3 6 #"redraw"
0 0 22 3 2 #"))"
0 0 4 29 1 #"\n"
0 0 4 29 1 #"\n"
0 0 4 29 1 #"\n"
0 0 4 29 1 #"\n"
0 0 4 29 1 #"\n"
0 0 4 29 1 #"\n"
0 0 4 29 1 #"\n"
0 0 17 3 63
#";; ------------------------------------------------------------"
0 0 4 29 1 #"\n"
0 0 17 3 12 #";; Main loop"
0 0 4 29 1 #"\n"
0 0 17 3 63
#";; ------------------------------------------------------------"
0 0 4 29 1 #"\n"
0 0 22 3 1 #"("
0 0 15 3 6 #"define"
0 0 4 3 1 #" "
0 0 14 3 9 #"main-loop"
0 0 4 29 1 #"\n"
0 0 4 3 2 #"  "
0 0 22 3 1 #"("
0 0 14 3 3 #"new"
0 0 4 3 1 #" "
0 0 14 3 10 #"make-loop%"
0 0 4 29 1 #"\n"
0 0 4 3 7 #"       "
0 0 22 3 1 #"["
0 0 14 3 16 #"function-to-loop"
0 0 4 3 1 #" "
0 0 14 3 4 #"draw"
0 0 22 3 3 #"]))"
0 0 4 29 1 #"\n"
0 0 4 29 1 #"\n"
0 0 22 3 1 #"("
0 0 14 3 4 #"send"
0 0 4 3 1 #" "
0 0 14 3 9 #"main-loop"
0 0 4 3 1 #" "
0 0 14 3 10 #"start-loop"
0 0 22 3 1 #")"
0 0 4 29 1 #"\n"
0           0
